9
NULL 0 NULL 0
Joined 0 0,255,0,255,0,32767,0,32767,0,32767 NULL 0 0 0 	# Joined [4a 6f 69 6e 65 64 ]
|Broken|0|1 0 0,255,0,255,0,32767,0,32767,0,32767 NULL 0 0 0 	# Broken
2 0 0,255,0,255,0,32767,0,32767,0,32767 NULL 0 0 0 	# 2 [32 ]
1 0 0,255,0,255,0,32767,0,32767,0,32767 NULL 0 0 0 	# 1 [31 ]
0 0 0,255,0,255,0,32767,0,32767,0,32767 NULL 0 0 0 	# 0 [30 ]
5 0 0,255,0,255,0,32767,0,32767,0,32767 NULL 0 0 0 	# 5 [35 ]
9 0 0,255,0,255,0,32767,0,32767,0,32767 NULL 0 0 0 	# 9 [39 ]
ยง 0 0,255,0,255,0,32767,0,32767,0,32767 NULL 0 0 0 	# ยง [a7 ]
